230	0.00E+00
461	0.00E+00
691	0.00E+00
921	0.00E+00
1151	0.00E+00
1382	0.00E+00
1612	0.00E+00
1842	0.00E+00
2073	0.00E+00
2303	0.00E+00
2533	0.00E+00
2764	0.00E+00
2994	0.00E+00
3224	0.00E+00
3454	0.00E+00
3685	0.00E+00
3915	0.00E+00
4145	0.00E+00
4376	0.00E+00
4606	0.00E+00
4836	0.00E+00
5066	0.00E+00
5297	0.00E+00
5527	0.00E+00
5757	0.00E+00
5988	0.00E+00
6218	0.00E+00
6448	0.00E+00
6679	0.00E+00
6909	0.00E+00
7139	0.00E+00
7369	0.00E+00
7600	0.00E+00
7830	0.00E+00
8060	0.00E+00
8291	0.00E+00
8521	0.00E+00
8751	0.00E+00
8981	0.00E+00
9212	0.00E+00
9442	0.00E+00
9672	0.00E+00
9903	0.00E+00
10133	0.00E+00
10363	0.00E+00
10594	0.00E+00
10824	0.00E+00
11054	1.91E+01
11284	6.08E+01
11515	4.76E+01
11745	1.86E+01
11975	9.98E+00
12206	7.62E+00
12436	6.77E+00
12666	6.27E+00
12897	5.96E+00
13127	5.77E+00
13357	5.61E+00
13587	5.50E+00
13818	5.38E+00
14048	5.30E+00
14278	5.22E+00
14509	5.15E+00
14739	5.07E+00
14969	5.03E+00
15199	4.95E+00
15430	4.91E+00
15660	4.88E+00
15890	4.84E+00
16121	4.80E+00
16351	4.76E+00
16581	4.72E+00
16812	4.68E+00
17042	4.64E+00
17272	4.61E+00
17502	4.57E+00
17733	4.53E+00
17963	4.49E+00
18193	4.49E+00
18424	4.45E+00
18654	4.41E+00
18884	4.37E+00
19114	4.37E+00
19345	4.33E+00
19575	4.30E+00
19805	4.30E+00
20036	4.26E+00
20266	4.22E+00
20496	4.22E+00
20727	4.18E+00
20957	4.14E+00
21187	4.14E+00
21417	4.10E+00
21648	3.87E+00
21878	3.09E+00
22108	1.01E+00
22339	0.00E+00
22569	0.00E+00
22799	0.00E+00
23029	0.00E+00
