0.00E+00	0.00E+00
2.30E+02	0.00E+00
4.61E+02	0.00E+00
6.91E+02	0.00E+00
9.21E+02	0.00E+00
1.15E+03	0.00E+00
1.38E+03	0.00E+00
1.61E+03	0.00E+00
1.84E+03	0.00E+00
2.07E+03	0.00E+00
2.30E+03	0.00E+00
2.53E+03	0.00E+00
2.76E+03	0.00E+00
2.99E+03	0.00E+00
3.22E+03	0.00E+00
3.45E+03	0.00E+00
3.69E+03	0.00E+00
3.92E+03	0.00E+00
4.15E+03	0.00E+00
4.38E+03	0.00E+00
4.61E+03	0.00E+00
4.84E+03	0.00E+00
5.07E+03	0.00E+00
5.30E+03	0.00E+00
5.53E+03	0.00E+00
5.76E+03	0.00E+00
5.99E+03	0.00E+00
6.22E+03	0.00E+00
6.45E+03	0.00E+00
6.68E+03	0.00E+00
6.91E+03	0.00E+00
7.14E+03	0.00E+00
7.37E+03	0.00E+00
7.60E+03	0.00E+00
7.83E+03	0.00E+00
8.06E+03	0.00E+00
8.29E+03	0.00E+00
8.52E+03	0.00E+00
8.75E+03	0.00E+00
8.98E+03	0.00E+00
9.21E+03	0.00E+00
9.44E+03	0.00E+00
9.67E+03	0.00E+00
9.90E+03	0.00E+00
1.01E+04	0.00E+00
1.04E+04	0.00E+00
1.06E+04	0.00E+00
1.08E+04	0.00E+00
1.11E+04	3.71E-03
1.13E+04	1.31E-02
1.15E+04	1.51E-02
1.18E+04	9.43E-03
1.20E+04	5.47E-03
1.22E+04	3.67E-03
1.24E+04	2.87E-03
1.27E+04	2.38E-03
1.29E+04	2.04E-03
1.31E+04	1.79E-03
1.34E+04	1.59E-03
1.36E+04	1.43E-03
1.38E+04	1.30E-03
1.41E+04	1.19E-03
1.43E+04	1.10E-03
1.45E+04	1.01E-03
1.47E+04	9.39E-04
1.50E+04	8.74E-04
1.52E+04	8.17E-04
1.54E+04	7.65E-04
1.57E+04	7.18E-04
1.59E+04	6.74E-04
1.61E+04	6.35E-04
1.64E+04	5.99E-04
1.66E+04	5.66E-04
1.68E+04	5.35E-04
1.70E+04	5.06E-04
1.73E+04	4.80E-04
1.75E+04	4.55E-04
1.77E+04	4.31E-04
1.80E+04	4.09E-04
1.82E+04	3.89E-04
1.84E+04	3.69E-04
1.87E+04	3.51E-04
1.89E+04	3.33E-04
1.91E+04	3.17E-04
1.93E+04	3.01E-04
1.96E+04	2.86E-04
1.98E+04	2.72E-04
2.00E+04	2.59E-04
2.03E+04	2.46E-04
2.05E+04	2.33E-04
2.07E+04	2.22E-04
2.10E+04	2.10E-04
2.12E+04	1.99E-04
2.14E+04	1.89E-04
2.17E+04	1.79E-04
2.19E+04	1.68E-04
2.21E+04	1.15E-04
2.23E+04	3.29E-05
2.26E+04	0.00E+00
2.28E+04	0.00E+00
2.30E+04	0.00E+00
