0.0	0.0
35.06	0.0
70.12	0.0
105.2	0.0
140.2	0.0
175.3	0.0
210.4	0.0
245.4	0.0
280.5	0.0
315.6	0.0
350.6	0.0
385.7	0.0
420.7	0.0
455.8	0.0
490.9	0.0
525.9	0.0
561.0	0.0
596.1	0.0
631.1	0.0
666.2	0.0
701.2	0.0
736.3	0.0
771.4	0.0
806.4	0.0
841.5	0.0
876.6	0.0
911.6	0.0
946.7	0.0
981.7	0.0
1017.0	0.0
1052.0	0.0
1087.0	0.0
1122.0	0.0
1157.0	0.0
1192.0	0.0
1227.0	0.0
1262.0	0.0
1297.0	0.0
1332.0	0.0
1367.0	0.0
1402.0	0.0
1438.0	0.0
1473.0	3.474e-07
1508.0	0.0004148
1543.0	0.0005348
1578.0	0.0006801
1613.0	0.001076
1648.0	0.001341
1683.0	0.001491
1718.0	0.001606
1753.0	0.001762
1788.0	0.001812
1823.0	0.001724
1858.0	0.001535
1893.0	0.00136
1928.0	0.001187
1963.0	0.001016
1999.0	0.000858
2034.0	0.0007551
2069.0	0.0006825
2104.0	0.0005886
2139.0	0.0004754
2174.0	0.0003682
2209.0	0.0002652
2244.0	0.0001806
2279.0	0.0001144
2314.0	6.328e-05
2349.0	2.637e-05
2384.0	3.693e-06
2419.0	0.0
2454.0	0.0
2489.0	0.0
2524.0	0.0
2560.0	0.0
2595.0	0.0
2630.0	0.0
2665.0	0.0
2700.0	0.0
2735.0	0.0
2770.0	0.0
2805.0	0.0
2840.0	0.0
2875.0	0.0
2910.0	0.0
2945.0	0.0
2980.0	0.0
3015.0	0.0
3050.0	0.0
3085.0	0.0
3121.0	0.0
3156.0	0.0
3191.0	0.0
3226.0	0.0
3261.0	0.0
3296.0	0.0
3331.0	0.0
3366.0	0.0
3401.0	0.0
3436.0	0.0
3471.0	0
3506.0	0
