245	0
490	0
735	0
981	0
1226	0
1471	0
1716	0
1961	0
2206	0
2451	0
2697	0
2942	0
3187	0
3432	0
3677	0
3922	0
4167	0
4413	0
4658	0
4903	0
5148	0
5393	0
5638	0
5883	0
6129	0
6374	0
6619	0
6864	0
7109	0
7354	0
7599	0
7845	0
8090	0
8335	0
8580	0
8825	0
9070	0
9315	0
9561	0
9806	0
10051	0
10296	0
10541	0
10786	1.56348
11031	73.53
11277	812.7
11522	1369.98
11767	1238.4
12012	824.31
12257	491.49
12502	311.148
12747	224.847
12993	182.277
13238	159.831
13483	145.125
13728	135.063
13973	127.71
14218	121.131
14463	115.713
14709	111.069
14954	106.812
15199	102.942
15444	99.459
15689	96.363
15934	93.267
16179	90.558
16425	88.236
16670	85.914
16915	83.592
17160	81.657
17405	79.722
17650	77.787
17895	76.239
18141	74.691
18386	73.143
18631	71.595
18876	70.047
19121	68.886
19366	67.725
19611	66.177
19857	65.016
20102	64.242
20347	63.081
20592	61.92
20837	61.146
21082	59.985
21327	59.211
21573	58.437
21818	57.663
22063	50.697
22308	35.6814
22553	19.6596
22798	8.127
23043	2.77092
23289	0
23534	0
23779	0
24024	0
24269	0
24514	0
