0.0	0.0
35.1	0.0
70.1	0.0
105.0	0.0
140.0	0.0
175.0	0.0
210.0	0.0
245.0	0.0
281.0	0.0
316.0	0.0
351.0	0.0
386.0	0.0
421.0	0.0
456.0	0.0
491.0	0.0
526.0	0.0
561.0	0.0
596.0	0.0
631.0	0.0
666.0	0.0
701.0	0.0
736.0	0.0
771.0	0.0
806.0	0.0
842.0	0.0
877.0	0.0
912.0	0.0
947.0	0.0
982.0	0.0
1020.0	0.0
1050.0	0.0
1090.0	0.0
1120.0	0.0
1160.0	0.0
1190.0	0.0
1230.0	0.0
1260.0	0.0
1300.0	0.0
1330.0	0.0
1370.0	0.0
1400.0	0.0
1440.0	0.0
1470.0	1.69e-07
1510.0	0.000279
1540.0	0.000442
1580.0	0.000598
1610.0	0.00105
1650.0	0.00134
1680.0	0.0015
1720.0	0.00161
1750.0	0.00176
1790.0	0.00181
1820.0	0.00173
1860.0	0.00154
1890.0	0.00136
1930.0	0.00119
1960.0	0.00102
2000.0	0.000859
2030.0	0.000755
2070.0	0.000682
2100.0	0.000589
2140.0	0.000476
2170.0	0.000368
2210.0	0.000265
2240.0	0.00018
2280.0	0.000115
2310.0	6.32e-05
2350.0	2.63e-05
2380.0	3.5e-06
2420.0	0.0
2450.0	0.0
2490.0	0.0
2520.0	0.0
2560.0	0.0
2600.0	0.0
2630.0	0.0
2670.0	0.0
2700.0	0.0
2740.0	0.0
2770.0	0.0
2810.0	0.0
2840.0	0.0
2880.0	0.0
2910.0	0.0
2950.0	0.0
2980.0	0.0
3020.0	0.0
3050.0	0.0
3090.0	0.0
3120.0	0.0
3160.0	0.0
3190.0	0.0
3230.0	0.0
3260.0	0.0
3300.0	0.0
3330.0	0.0
3370.0	0.0
3400.0	0.0
3440.0	0.0
3470.0	0.0
3510.0	0.0
