0.00E+00	0.00E+00
3.51E+01	0.00E+00
7.01E+01	0.00E+00
1.05E+02	0.00E+00
1.40E+02	0.00E+00
1.75E+02	0.00E+00
2.10E+02	0.00E+00
2.45E+02	0.00E+00
2.81E+02	0.00E+00
3.16E+02	0.00E+00
3.51E+02	0.00E+00
3.86E+02	0.00E+00
4.21E+02	0.00E+00
4.56E+02	0.00E+00
4.91E+02	0.00E+00
5.26E+02	0.00E+00
5.61E+02	0.00E+00
5.96E+02	0.00E+00
6.31E+02	0.00E+00
6.66E+02	0.00E+00
7.01E+02	0.00E+00
7.36E+02	0.00E+00
7.71E+02	0.00E+00
8.06E+02	0.00E+00
8.42E+02	0.00E+00
8.77E+02	0.00E+00
9.12E+02	0.00E+00
9.47E+02	0.00E+00
9.82E+02	0.00E+00
1.02E+03	0.00E+00
1.05E+03	0.00E+00
1.09E+03	0.00E+00
1.12E+03	0.00E+00
1.16E+03	0.00E+00
1.19E+03	0.00E+00
1.23E+03	0.00E+00
1.26E+03	0.00E+00
1.30E+03	0.00E+00
1.33E+03	0.00E+00
1.37E+03	0.00E+00
1.40E+03	0.00E+00
1.44E+03	0.00E+00
1.47E+03	1.69E-07
1.51E+03	2.79E-04
1.54E+03	4.42E-04
1.58E+03	5.98E-04
1.61E+03	1.05E-03
1.65E+03	1.34E-03
1.68E+03	1.50E-03
1.72E+03	1.61E-03
1.75E+03	1.76E-03
1.79E+03	1.81E-03
1.82E+03	1.73E-03
1.86E+03	1.54E-03
1.89E+03	1.36E-03
1.93E+03	1.19E-03
1.96E+03	1.02E-03
2.00E+03	8.59E-04
2.03E+03	7.55E-04
2.07E+03	6.82E-04
2.10E+03	5.89E-04
2.14E+03	4.76E-04
2.17E+03	3.68E-04
2.21E+03	2.65E-04
2.24E+03	1.80E-04
2.28E+03	1.15E-04
2.31E+03	6.32E-05
2.35E+03	2.63E-05
2.38E+03	3.50E-06
2.42E+03	0.00E+00
2.45E+03	0.00E+00
2.49E+03	0.00E+00
2.52E+03	0.00E+00
2.56E+03	0.00E+00
2.60E+03	0.00E+00
2.63E+03	0.00E+00
2.67E+03	0.00E+00
2.70E+03	0.00E+00
2.74E+03	0.00E+00
2.77E+03	0.00E+00
2.81E+03	0.00E+00
2.84E+03	0.00E+00
2.88E+03	0.00E+00
2.91E+03	0.00E+00
2.95E+03	0.00E+00
2.98E+03	0.00E+00
3.02E+03	0.00E+00
3.05E+03	0.00E+00
3.09E+03	0.00E+00
3.12E+03	0.00E+00
3.16E+03	0.00E+00
3.19E+03	0.00E+00
3.23E+03	0.00E+00
3.26E+03	0.00E+00
3.30E+03	0.00E+00
3.33E+03	0.00E+00
3.37E+03	0.00E+00
3.40E+03	0.00E+00
3.44E+03	0.00E+00
3.47E+03	0.00E+00
3.51E+03	0.00E+00
